train,time,position,velocity,maxVelocity
1,0.0,0.0,10.0,20.0
1,0.1,1.005,10.1,20.0
1,0.2,2.0199999999999996,10.2,20.0
1,0.30000000000000004,3.0449999999999995,10.299999999999999,20.0
1,0.4,4.079999999999999,10.399999999999999,20.0
1,0.5,5.124999999999999,10.499999999999998,20.0
1,0.6,6.179999999999999,10.599999999999998,20.0
1,0.7,7.244999999999998,10.699999999999998,20.0
1,0.7999999999999999,8.319999999999999,10.799999999999997,20.0
1,0.8999999999999999,9.405,10.899999999999997,20.0
1,0.9999999999999999,10.5,10.999999999999996,20.0
1,1.0999999999999999,11.605,11.099999999999996,20.0
1,1.2,12.72,11.199999999999996,20.0
1,1.3,13.845,11.299999999999995,20.0
1,1.4000000000000001,14.98,11.399999999999995,20.0
1,1.5000000000000002,16.125,11.499999999999995,20.0
1,1.6000000000000003,17.279999999999998,11.599999999999994,20.0
1,1.7000000000000004,18.444999999999997,11.699999999999994,20.0
1,1.8000000000000005,19.619999999999994,11.799999999999994,20.0
1,1.9000000000000006,20.804999999999993,11.899999999999993,20.0
1,2.0000000000000004,21.99999999999999,11.999999999999993,20.0
1,2.1000000000000005,23.204999999999988,12.099999999999993,20.0
1,2.2000000000000006,24.419999999999987,12.199999999999992,20.0
1,2.3000000000000007,25.644999999999985,12.299999999999992,20.0
1,2.400000000000001,26.879999999999985,12.399999999999991,20.0
1,2.500000000000001,28.124999999999982,12.499999999999991,20.0
1,2.600000000000001,29.37999999999998,12.59999999999999,20.0
1,2.700000000000001,30.64499999999998,12.69999999999999,20.0
1,2.800000000000001,31.919999999999977,12.79999999999999,20.0
1,2.9000000000000012,33.20499999999998,12.89999999999999,20.0
1,3.0000000000000013,34.49999999999998,12.99999999999999,20.0
1,3.1000000000000014,35.80499999999998,13.099999999999989,20.0
1,3.2000000000000015,37.11999999999998,13.199999999999989,20.0
1,3.3000000000000016,38.444999999999986,13.299999999999988,20.0
1,3.4000000000000017,39.77999999999999,13.399999999999988,20.0
1,3.5000000000000018,41.124999999999986,13.499999999999988,20.0
1,3.600000000000002,42.47999999999999,13.599999999999987,20.0
1,3.700000000000002,43.84499999999999,13.699999999999987,20.0
1,3.800000000000002,45.21999999999999,13.799999999999986,20.0
1,3.900000000000002,46.60499999999999,13.899999999999986,20.0
1,4.000000000000002,47.99999999999999,13.999999999999986,20.0
1,4.100000000000001,49.404999999999994,14.099999999999985,20.0
1,4.200000000000001,50.81999999999999,14.199999999999985,20.0
1,4.300000000000001,52.245,14.299999999999985,20.0
1,4.4,53.68,14.399999999999984,20.0
1,4.5,55.125,14.499999999999984,20.0
1,4.6,56.58,14.599999999999984,20.0
1,4.699999999999999,58.045,14.699999999999983,20.0
1,4.799999999999999,59.52,14.799999999999983,20.0
1,4.899999999999999,61.005,14.899999999999983,20.0
1,4.999999999999998,62.50000000000001,14.999999999999982,20.0
1,5.099999999999998,64.005,15.099999999999982,20.0
1,5.1999999999999975,65.52,15.199999999999982,20.0
1,5.299999999999997,67.04499999999999,15.299999999999981,20.0
1,5.399999999999997,68.57999999999998,15.39999999999998,20.0
1,5.4999999999999964,70.12499999999997,15.49999999999998,20.0
1,5.599999999999996,71.67999999999996,15.59999999999998,20.0
1,5.699999999999996,73.24499999999996,15.69999999999998,20.0
1,5.799999999999995,74.81999999999995,15.79999999999998,20.0
1,5.899999999999995,76.40499999999994,15.899999999999979,20.0
1,5.999999999999995,77.99999999999994,15.999999999999979,20.0
1,6.099999999999994,79.60499999999993,16.09999999999998,20.0
1,6.199999999999994,81.21999999999993,16.19999999999998,20.0
1,6.299999999999994,82.84499999999993,16.299999999999983,20.0
1,6.399999999999993,84.47999999999992,16.399999999999984,20.0
1,6.499999999999993,86.12499999999991,16.499999999999986,20.0
1,6.5999999999999925,87.77999999999992,16.599999999999987,20.0
1,6.699999999999992,89.44499999999991,16.69999999999999,20.0
1,6.799999999999992,91.1199999999999,16.79999999999999,20.0
1,6.8999999999999915,92.8049999999999,16.89999999999999,20.0
1,6.999999999999991,94.49999999999989,16.999999999999993,20.0
1,7.099999999999991,96.20499999999988,17.099999999999994,20.0
1,7.19999999999999,97.91999999999987,17.199999999999996,20.0
1,7.29999999999999,99.64499999999987,17.299999999999997,20.0
1,7.39999999999999,101.37999999999987,17.4,20.0
1,7.499999999999989,103.12499999999986,17.5,20.0
1,7.599999999999989,104.87999999999985,17.6,20.0
1,7.699999999999989,106.64499999999985,17.700000000000003,20.0
1,7.799999999999988,108.41999999999985,17.800000000000004,20.0
1,7.899999999999988,110.20499999999984,17.900000000000006,20.0
1,7.999999999999988,111.99999999999984,18.000000000000007,20.0
1,8.099999999999987,113.80499999999984,18.10000000000001,20.0
1,8.199999999999987,115.61999999999983,18.20000000000001,20.0
1,8.299999999999986,117.44499999999984,18.30000000000001,20.0
1,8.399999999999986,119.27999999999983,18.400000000000013,20.0
1,8.499999999999986,121.12499999999983,18.500000000000014,20.0
1,8.599999999999985,122.97999999999982,18.600000000000016,20.0
1,8.699999999999985,124.84499999999981,18.700000000000017,20.0
1,8.799999999999985,126.71999999999981,18.80000000000002,20.0
1,8.899999999999984,128.60499999999982,18.90000000000002,20.0
1,8.999999999999984,130.49999999999983,19.00000000000002,20.0
1,9.099999999999984,132.40499999999983,19.100000000000023,20.0
1,9.199999999999983,134.31999999999982,19.200000000000024,20.0
1,9.299999999999983,136.24499999999983,19.300000000000026,20.0
1,9.399999999999983,138.17999999999984,19.400000000000027,20.0
1,9.499999999999982,140.12499999999983,19.50000000000003,20.0
1,9.599999999999982,142.0799999999998,19.60000000000003,20.0
1,9.699999999999982,144.04499999999982,19.70000000000003,20.0
1,9.799999999999981,146.0199999999998,19.800000000000033,20.0
1,9.89999999999998,148.0049999999998,19.900000000000034,20.0
1,9.99999999999998,149.9999999999998,20.0,20.0
1,10.09999999999998,151.9999999999998,20.0,20.0
1,10.19999999999998,153.9999999999998,20.0,20.0
1,10.29999999999998,155.9999999999998,20.0,20.0
1,10.399999999999979,157.9999999999998,20.0,20.0
1,10.499999999999979,159.9999999999998,20.0,20.0
1,10.599999999999978,161.9999999999998,20.0,20.0
1,10.699999999999978,163.9999999999998,20.0,20.0
1,10.799999999999978,165.9999999999998,20.0,20.0
1,10.899999999999977,167.9999999999998,20.0,20.0
1,10.999999999999977,169.9999999999998,20.0,20.0
1,11.099999999999977,171.9999999999998,20.0,20.0
1,11.199999999999976,173.9999999999998,20.0,20.0
1,11.299999999999976,175.9999999999998,20.0,20.0
1,11.399999999999975,177.9999999999998,20.0,20.0
1,11.499999999999975,179.9999999999998,20.0,20.0
1,11.599999999999975,181.9999999999998,20.0,20.0
1,11.699999999999974,183.9999999999998,20.0,20.0
1,11.799999999999974,185.9999999999998,20.0,20.0
1,11.899999999999974,187.9999999999998,20.0,20.0
1,11.999999999999973,189.9999999999998,20.0,20.0
1,12.099999999999973,191.9999999999998,20.0,20.0
1,12.199999999999973,193.9999999999998,20.0,20.0
1,12.299999999999972,195.9999999999998,20.0,20.0
1,12.399999999999972,197.9999999999998,20.0,20.0
1,12.499999999999972,199.9999999999998,20.0,20.0
1,12.599999999999971,201.9999999999998,20.0,20.0
1,12.69999999999997,203.9999999999998,20.0,20.0
1,12.79999999999997,205.9999999999998,20.0,20.0
1,12.89999999999997,207.9999999999998,20.0,20.0
1,12.99999999999997,209.9999999999998,20.0,20.0
1,13.09999999999997,211.9999999999998,20.0,20.0
1,13.199999999999969,213.9999999999998,20.0,20.0
1,13.299999999999969,215.9999999999998,20.0,20.0
1,13.399999999999968,217.9999999999998,20.0,20.0
1,13.499999999999968,219.9999999999998,20.0,20.0
1,13.599999999999968,221.9999999999998,20.0,20.0
1,13.699999999999967,223.9999999999998,20.0,20.0
1,13.799999999999967,225.9999999999998,20.0,20.0
1,13.899999999999967,227.9999999999998,20.0,20.0
1,13.999999999999966,229.9999999999998,20.0,20.0
1,14.099999999999966,231.9999999999998,20.0,20.0
1,14.199999999999966,233.9999999999998,20.0,20.0
1,14.299999999999965,235.9999999999998,20.0,20.0
1,14.399999999999965,237.9999999999998,20.0,20.0
1,14.499999999999964,239.9999999999998,20.0,20.0
1,14.599999999999964,241.9999999999998,20.0,20.0
1,14.699999999999964,243.9999999999998,20.0,20.0
1,14.799999999999963,245.9999999999998,20.0,20.0
1,14.899999999999963,247.9999999999998,20.0,20.0
1,14.999999999999963,249.9999999999998,20.0,20.0
1,15.099999999999962,251.9999999999998,20.0,20.0
1,15.199999999999962,253.9999999999998,20.0,20.0
1,15.299999999999962,255.9999999999998,20.0,20.0
1,15.399999999999961,257.9999999999998,20.0,20.0
1,15.499999999999961,259.9999999999998,20.0,20.0
1,15.59999999999996,261.9999999999998,20.0,20.0
1,15.69999999999996,263.9999999999998,20.0,20.0
1,15.79999999999996,265.9999999999998,20.0,20.0
1,15.89999999999996,267.9999999999998,20.0,20.0
1,15.99999999999996,269.9999999999998,20.0,20.0
1,16.09999999999996,271.9999999999998,20.0,20.0
1,16.19999999999996,273.9996874999998,19.97500000000001,20.0
1,16.29999999999996,275.9921874999998,19.875000000000007,20.0
1,16.399999999999963,277.9746874999998,19.775000000000006,20.0
1,16.499999999999964,279.9471874999998,19.67500000000001,20.0
1,16.599999999999966,281.9096874999998,19.57500000000001,20.0
1,16.699999999999967,283.86218749999983,19.47500000000001,20.0
1,16.79999999999997,285.80468749999983,19.375000000000007,20.0
1,16.89999999999997,287.73718749999983,19.275000000000006,20.0
1,16.99999999999997,289.65968749999985,19.175000000000004,20.0
1,17.099999999999973,291.5721874999998,19.07500000000001,20.0
1,17.199999999999974,293.47468749999985,18.97500000000001,20.0
1,17.299999999999976,295.3671874999999,18.875000000000007,20.0
1,17.399999999999977,297.2496874999999,18.775000000000006,20.0
1,17.49999999999998,299.1221874999999,18.675000000000004,20.0
1,17.59999999999998,300.9846874999999,18.575000000000003,20.0
1,17.69999999999998,302.8371874999999,18.475,20.0
1,17.799999999999983,304.6796874999999,18.375000000000007,20.0
1,17.899999999999984,306.5121874999999,18.275000000000006,20.0
1,17.999999999999986,308.3346874999999,18.175000000000004,20.0
1,18.099999999999987,310.1471874999999,18.075000000000003,20.0
1,18.19999999999999,311.9496874999999,17.97500000000001,20.0
1,18.29999999999999,313.74218749999994,17.875000000000007,20.0
1,18.39999999999999,315.5246874999999,17.775,20.0
1,18.499999999999993,317.29718749999995,17.675000000000004,20.0
1,18.599999999999994,319.05968749999994,17.575000000000003,20.0
1,18.699999999999996,320.81218749999994,17.475,20.0
1,18.799999999999997,322.55468749999994,17.375,20.0
1,18.9,324.28718749999996,17.275,20.0
1,19.0,326.0096874999999,17.175000000000004,20.0
1,19.1,327.72218749999996,17.075000000000003,20.0
1,19.200000000000003,329.42468749999995,16.975,20.0
1,19.300000000000004,331.11718749999994,16.875,20.0
1,19.400000000000006,332.79968749999995,16.775,20.0
1,19.500000000000007,334.47218749999996,16.675000000000004,20.0
1,19.60000000000001,336.1346874999999,16.574999999999996,20.0
1,19.70000000000001,337.78718749999996,16.475,20.0
1,19.80000000000001,339.4296875,16.375,20.0
1,19.900000000000013,341.06218749999994,16.275,20.0
1,20.000000000000014,342.6846875,16.175000000000004,20.0
1,20.100000000000016,344.29718749999995,16.075000000000003,20.0
1,20.200000000000017,345.89968749999997,15.975000000000003,20.0
1,20.30000000000002,347.4921875,15.875000000000004,20.0
1,20.40000000000002,349.0746875,15.775000000000004,20.0
1,20.50000000000002,350.6471875,15.675,20.0
1,20.600000000000023,352.2096875,15.575000000000005,20.0
1,20.700000000000024,353.7621875,15.475000000000001,20.0
1,20.800000000000026,355.3046875,15.375000000000002,20.0
1,20.900000000000027,356.8371875,15.275000000000002,20.0
1,21.00000000000003,358.3596875,15.174999999999999,20.0
1,21.10000000000003,359.8721875,15.075,20.0
1,21.20000000000003,361.375,15.0,20.0
1,21.300000000000033,362.87515638034415,15.0,20.0
1,21.400000000000034,364.37907964736763,15.0,20.0
1,21.500000000000036,365.8918626834379,15.0,20.0
1,21.600000000000037,367.4187449634552,15.0,20.0
1,21.70000000000004,368.96518791318044,15.0,20.0
1,21.80000000000004,370.5369575652987,15.0,20.0
1,21.90000000000004,372.140217332201,15.0,20.0
1,22.000000000000043,373.78163430166376,15.0,20.0
1,22.100000000000044,375.46850327636264,15.0,20.0
1,22.200000000000045,377.20889389826306,15.0,20.0
1,22.300000000000047,379.0118277374073,15.0,20.0
1,22.40000000000005,380.8874943466843,15.0,20.0
1,22.50000000000005,382.84751823364957,15.0,20.0
1,22.60000000000005,384.90529284179,15.0,20.0
1,22.700000000000053,387.0764035195168,15.0,20.0
1,22.800000000000054,389.3791699379066,15.0,20.0
1,22.900000000000055,391.8353508364602,15.0,20.0
1,23.000000000000057,394.471072475617,15.0,20.0
1,23.10000000000006,397.31807027286857,15.0,20.0
1,23.20000000000006,400.41537670714,15.0,20.0
1,23.30000000000006,403.81165790596134,15.0,20.0
1,23.400000000000063,407.56851457976893,15.0,20.0
1,23.500000000000064,411.7652537173649,15.0,20.0
1,23.600000000000065,416.505970178373,15.0,20.0
1,23.700000000000067,421.9303815713973,15.0,20.0
1,23.800000000000068,428.23101011694627,15.0,20.0
1,23.90000000000007,435.6816208108363,15.0,20.0
1,24.00000000000007,444.6868119952095,15.0,20.0
1,24.100000000000072,455.8743290166684,15.0,15.0
1,24.200000000000074,457.3743290166684,15.0,15.0
1,24.300000000000075,458.8743290166684,15.0,15.0
1,24.400000000000077,460.3743290166684,15.0,15.0
1,24.500000000000078,461.8743290166684,15.0,15.0
1,24.60000000000008,463.3743290166684,15.0,15.0
1,24.70000000000008,464.8743290166684,15.0,15.0
1,24.800000000000082,466.3743290166684,15.0,15.0
1,24.900000000000084,467.8743290166684,15.0,15.0
1,25.000000000000085,469.3743290166684,15.0,15.0
1,25.100000000000087,470.8743290166684,15.0,15.0
1,25.200000000000088,472.3743290166684,15.0,15.0
1,25.30000000000009,473.8743290166684,15.0,15.0
1,25.40000000000009,475.3743290166684,15.0,15.0
1,25.500000000000092,476.8743290166684,15.0,15.0
1,25.600000000000094,478.3743290166684,15.0,15.0
1,25.700000000000095,479.8743290166684,15.0,15.0
1,25.800000000000097,481.3743290166684,15.0,15.0
1,25.900000000000098,482.8743290166684,15.0,15.0
1,26.0000000000001,484.3743290166684,15.0,15.0
1,26.1000000000001,485.8743290166684,15.0,15.0
1,26.200000000000102,487.3743290166684,15.0,15.0
1,26.300000000000104,488.8743290166684,15.0,15.0
1,26.400000000000105,490.3743290166684,15.0,15.0
1,26.500000000000107,491.8743290166684,15.0,15.0
1,26.600000000000108,493.3743290166684,15.0,15.0
1,26.70000000000011,494.8743290166684,15.0,15.0
1,26.80000000000011,496.3743290166684,15.0,15.0
1,26.900000000000112,497.8743290166684,15.0,15.0
1,27.000000000000114,499.3743290166684,15.0,15.0
1,27.100000000000115,499.12397220282185,15.058288601111228,20.0
1,27.200000000000117,497.6131433427107,15.158288601111227,20.0
1,27.300000000000118,496.0923144825996,15.258288601111227,20.0
1,27.40000000000012,494.5614856224885,15.358288601111227,20.0
1,27.50000000000012,493.0206567623773,15.458288601111226,20.0
1,27.600000000000122,491.4698279022662,15.558288601111226,20.0
1,27.700000000000124,489.9089990421551,15.658288601111225,20.0
1,27.800000000000125,488.33817018204394,15.758288601111225,20.0
1,27.900000000000126,486.7573413219328,15.858288601111225,20.0
1,28.000000000000128,485.1665124618217,15.958288601111224,20.0
1,28.10000000000013,483.5656836017106,16.058288601111226,20.0
1,28.20000000000013,481.9548547415995,16.158288601111227,20.0
1,28.300000000000132,480.33402588148834,16.25828860111123,20.0
1,28.400000000000134,478.7031970213772,16.35828860111123,20.0
1,28.500000000000135,477.06236816126614,16.45828860111123,20.0
1,28.600000000000136,475.41153930115496,16.558288601111233,20.0
1,28.700000000000138,473.75071044104385,16.658288601111234,20.0
1,28.80000000000014,472.07988158093275,16.758288601111236,20.0
1,28.90000000000014,470.3990527208216,16.858288601111237,20.0
1,29.000000000000142,468.7082238607105,16.95828860111124,20.0
1,29.100000000000144,467.0073950005994,17.05828860111124,20.0
1,29.200000000000145,465.29656614048827,17.15828860111124,20.0
1,29.300000000000146,463.5757372803771,17.258288601111243,20.0
1,29.400000000000148,461.844908420266,17.358288601111244,20.0
1,29.50000000000015,460.10407956015484,17.458288601111246,20.0
1,29.60000000000015,458.35325070004376,17.558288601111247,20.0
1,29.700000000000152,456.5924218399326,17.65828860111125,20.0
1,29.800000000000153,454.8215929798215,17.75828860111125,20.0
1,29.900000000000155,453.04076411971033,17.85828860111125,20.0
1,30.000000000000156,451.2499352595992,17.958288601111253,20.0
1,30.100000000000158,449.4491063994881,18.058288601111254,20.0
1,30.20000000000016,447.638277539377,18.158288601111256,20.0
1,30.30000000000016,445.81744867926585,18.258288601111257,20.0
1,30.400000000000162,443.9866198191547,18.35828860111126,20.0
1,30.500000000000163,442.14579095904355,18.45828860111126,20.0
1,30.600000000000165,440.29496209893244,18.55828860111126,20.0
1,30.700000000000166,438.43413323882135,18.658288601111263,20.0
1,30.800000000000168,436.5633043787102,18.758288601111264,20.0
1,30.90000000000017,434.68247551859906,18.858288601111266,20.0
1,31.00000000000017,432.79164665848793,18.958288601111267,20.0
1,31.100000000000172,430.8908177983768,19.05828860111127,20.0
1,31.200000000000173,428.9799889382657,19.15828860111127,20.0
1,31.300000000000175,427.0591600781546,19.25828860111127,20.0
1,31.400000000000176,425.1293642304923,19.29400757906414,20.0
1,31.500000000000178,423.20496347258586,19.194007579064138,20.0
1,31.60000000000018,421.2905627146795,19.094007579064144,20.0
1,31.70000000000018,419.38616195677304,18.994007579064142,20.0
1,31.800000000000182,417.49176119886664,18.89400757906414,20.0
1,31.900000000000183,415.6073604409602,18.79400757906414,20.0
1,32.000000000000185,413.73295968305376,18.694007579064138,20.0
1,32.100000000000186,411.86855892514734,18.594007579064144,20.0
1,32.20000000000019,410.01415816724096,18.494007579064142,20.0
1,32.30000000000019,408.1697574093345,18.39400757906414,20.0
1,32.40000000000019,406.3353566514281,18.29400757906414,20.0
1,32.50000000000019,404.51095589352167,18.194007579064138,20.0
1,32.60000000000019,402.6965551356153,18.094007579064137,20.0
1,32.700000000000195,400.89215437770883,17.994007579064142,20.0
1,32.800000000000196,399.09775361980246,17.89400757906414,20.0
1,32.9000000000002,397.313352861896,17.79400757906414,20.0
1,33.0000000000002,395.5389521039896,17.694007579064138,20.0
1,33.1000000000002,393.7745513460832,17.594007579064137,20.0
1,33.2000000000002,392.02015058817676,17.494007579064142,20.0
1,33.3000000000002,390.27574983027034,17.394007579064134,20.0
1,33.400000000000205,388.5413490723639,17.294007579064132,20.0
1,33.500000000000206,386.81694831445753,17.194007579064138,20.0
1,33.60000000000021,385.10254755655114,17.094007579064137,20.0
1,33.70000000000021,383.3981467986447,16.994007579064135,20.0
1,33.80000000000021,381.7037460407383,16.894007579064134,20.0
1,33.90000000000021,380.01934528283186,16.794007579064132,20.0
1,34.00000000000021,378.34494452492544,16.694007579064138,20.0
1,34.100000000000215,376.680543767019,16.594007579064137,20.0
1,34.200000000000216,375.0261430091126,16.494007579064135,20.0
1,34.30000000000022,373.3817422512062,16.394007579064134,20.0
1,34.40000000000022,371.7473414932998,16.29400757906414,20.0
1,34.50000000000022,370.1229407353934,16.194007579064138,20.0
1,34.60000000000022,368.508539977487,16.094007579064137,20.0
1,34.70000000000022,366.90413921958054,15.994007579064137,20.0
1,34.800000000000225,365.3097384616741,15.89400757906414,20.0
1,34.900000000000226,363.7253377037677,15.794007579064138,20.0
1,35.00000000000023,362.1509369458613,15.694007579064138,20.0
1,35.10000000000023,360.58653618795483,15.594007579064138,20.0
1,35.20000000000023,359.03213543004847,15.494007579064135,20.0
1,35.30000000000023,357.487734672142,15.394007579064136,20.0
1,35.40000000000023,355.9533339142356,15.294007579064136,20.0
1,35.500000000000234,354.4289331563292,15.194007579064133,20.0
1,35.600000000000236,352.91453239842275,15.094007579064133,20.0
1,35.70000000000024,351.41013164051634,14.994007579064133,20.0
1,35.80000000000024,349.9157308826099,14.894007579064134,20.0
1,35.90000000000024,348.4313301247035,14.794007579064134,20.0
1,36.00000000000024,346.9569293667971,14.694007579064131,20.0
1,36.10000000000024,345.49252860889067,14.594007579064135,20.0
1,36.200000000000244,344.0381278509842,14.494007579064135,20.0
1,36.300000000000246,342.59372709307786,14.394007579064132,20.0
1,36.40000000000025,341.1593263351714,14.294007579064132,20.0
1,36.50000000000025,339.734925577265,14.19400757906413,20.0
1,36.60000000000025,338.3205248193586,14.094007579064133,20.0
1,36.70000000000025,336.91612406145214,13.99400757906413,20.0
1,36.80000000000025,335.52172330354574,13.89400757906413,20.0
1,36.900000000000254,334.13732254563934,13.79400757906413,20.0
1,37.000000000000256,332.7629217877329,13.694007579064131,20.0
1,37.10000000000026,331.3985210298265,13.594007579064131,20.0
1,37.20000000000026,330.04412027192006,13.494007579064132,20.0
1,37.30000000000026,328.6997195140137,13.394007579064132,20.0
1,37.40000000000026,327.3653187561073,13.294007579064132,20.0
1,37.50000000000026,326.0409179982008,13.194007579064133,20.0
1,37.600000000000264,324.7265172402944,13.09400757906413,20.0
1,37.700000000000266,323.422116482388,12.99400757906413,20.0
1,37.80000000000027,322.1277157244816,12.894007579064127,20.0
1,37.90000000000027,320.8433149665752,12.794007579064127,20.0
1,38.00000000000027,319.56891420866873,12.694007579064131,20.0
1,38.10000000000027,318.30451345076233,12.594007579064128,20.0
1,38.20000000000027,317.0501126928559,12.494007579064132,20.0
1,38.300000000000274,315.8057119349495,12.394007579064128,20.0
1,38.400000000000276,314.57131117704307,12.294007579064129,20.0
1,38.50000000000028,313.3469104191367,12.19400757906413,20.0
1,38.60000000000028,312.1325096612303,12.094007579064126,20.0
1,38.70000000000028,310.92810890332385,11.99400757906413,20.0
1,38.80000000000028,309.73370814541744,11.894007579064127,20.0
1,38.90000000000028,308.549307387511,11.794007579064127,20.0
1,39.000000000000284,307.37490662960465,11.694007579064124,20.0
1,39.100000000000286,306.21050587169816,11.594007579064128,20.0
1,39.20000000000029,305.0561051137918,11.494007579064128,20.0
1,39.30000000000029,303.9117043558854,11.394007579064121,20.0
1,39.40000000000029,302.77730359797897,11.294007579064122,20.0
1,39.50000000000029,301.65290284007256,11.194007579064122,20.0
1,39.60000000000029,300.53850208216613,11.094007579064122,20.0
1,39.700000000000294,299.4341013242597,10.994007579064123,20.0
1,39.800000000000296,298.33970056635326,10.894007579064127,20.0
1,39.9000000000003,297.25529980844686,10.794007579064127,20.0
1,40.0000000000003,296.18089905054046,10.694007579064124,20.0
1,40.1000000000003,295.11649829263405,10.594007579064124,20.0
1,40.2000000000003,294.0620975347276,10.494007579064125,20.0
1,40.3000000000003,293.01769677682125,10.394007579064121,20.0
1,40.400000000000304,291.9832960189148,10.294007579064122,20.0
1,40.500000000000306,290.95889526100837,10.194007579064126,20.0
1,40.60000000000031,289.94449450310196,10.094007579064126,20.0
1,40.70000000000031,288.94007579064123,10.0,20.0
1,40.80000000000031,287.9400668106733,10.0,20.0
1,40.90000000000031,286.93724318052995,10.0,20.0
1,41.00000000000031,285.9264946191186,10.0,20.0
1,41.100000000000314,284.90250848490336,10.0,20.0
1,41.200000000000315,283.8596522869408,10.0,20.0
1,41.30000000000032,282.79183995942003,10.0,20.0
1,41.40000000000032,281.69237461440764,10.0,20.0
1,41.50000000000032,280.5537583267672,10.0,20.0
1,41.60000000000032,279.3674562999333,10.0,20.0
1,41.70000000000032,278.1235980092248,10.0,20.0
1,41.800000000000324,276.8105908144189,10.0,20.0
1,41.900000000000325,275.41461075852,10.0,20.0
1,42.00000000000033,273.9189186269326,10.0,20.0
1,42.10000000000033,272.3029230662744,10.0,20.0
1,42.20000000000033,270.5408700168534,10.0,20.0
1,42.30000000000033,268.59996679606934,10.0,20.0
1,42.40000000000033,266.4376269692795,10.0,20.0
1,42.500000000000334,263.99730335352245,10.0,20.0
1,42.600000000000335,261.2019669097582,10.0,20.0
1,42.70000000000034,257.94348108681095,10.0,20.0
1,42.80000000000034,254.064422543555,10.0,20.0
1,42.90000000000034,249.32504150757873,10.0,20.0
1,43.00000000000034,243.33839384721182,10.0,20.0
1,43.10000000000034,235.42916108723108,10.0,20.0
1,43.200000000000344,224.2778941534262,10.0,20.0
1,43.300000000000345,206.790393809308,10.0,20.0
1,43.40000000000035,172.35732051057101,10.0,10.0
1,43.50000000000035,171.35732051057101,10.0,10.0
1,43.60000000000035,170.35732051057101,10.0,10.0
1,43.70000000000035,169.35732051057101,10.0,10.0
1,43.80000000000035,168.35732051057101,10.0,10.0
1,43.900000000000354,167.35732051057101,10.0,10.0
1,44.000000000000355,166.35732051057101,10.0,10.0
1,44.10000000000036,165.35732051057101,10.0,10.0
1,44.20000000000036,164.35732051057101,10.0,10.0
1,44.30000000000036,163.35732051057101,10.0,10.0
1,44.40000000000036,162.35732051057101,10.0,10.0
1,44.50000000000036,161.35732051057101,10.0,10.0
1,44.600000000000364,160.35732051057101,10.0,10.0
1,44.700000000000365,159.35732051057101,10.0,10.0
1,44.80000000000037,158.35732051057101,10.0,10.0
1,44.90000000000037,157.35732051057101,10.0,10.0
1,45.00000000000037,156.35732051057101,10.0,10.0
1,45.10000000000037,155.35732051057101,10.0,10.0
1,45.20000000000037,154.35732051057101,10.0,10.0
1,45.300000000000374,153.35732051057101,10.0,10.0
1,45.400000000000375,152.35732051057101,10.0,10.0
1,45.50000000000038,151.35732051057101,10.0,10.0
1,45.60000000000038,150.35732051057101,10.0,10.0
1,45.70000000000038,149.35732051057101,10.0,10.0
1,45.80000000000038,148.35732051057101,10.0,10.0
1,45.90000000000038,147.35732051057101,10.0,10.0
1,46.000000000000384,146.35732051057101,10.0,10.0
1,46.100000000000385,145.35732051057101,10.0,10.0
1,46.20000000000039,144.35732051057101,10.0,10.0
1,46.30000000000039,143.35732051057101,10.0,10.0
1,46.40000000000039,142.35732051057101,10.0,10.0
1,46.50000000000039,141.35732051057101,10.0,10.0
1,46.60000000000039,140.35732051057101,10.0,10.0
1,46.700000000000394,139.35732051057101,10.0,10.0
1,46.800000000000395,138.35732051057101,10.0,10.0
1,46.9000000000004,137.35732051057101,10.0,10.0
1,47.0000000000004,136.35732051057101,10.0,10.0
1,47.1000000000004,135.35732051057101,10.0,10.0
1,47.2000000000004,134.35732051057101,10.0,10.0
1,47.3000000000004,133.35732051057101,10.0,10.0
1,47.400000000000404,132.35732051057101,10.0,10.0
1,47.500000000000405,131.35732051057101,10.0,10.0
1,47.600000000000406,130.35732051057101,10.0,10.0
1,47.70000000000041,129.35732051057101,10.0,10.0
1,47.80000000000041,128.35732051057101,10.0,10.0
1,47.90000000000041,127.35732051057101,10.0,10.0
1,48.00000000000041,126.35732051057101,10.0,10.0
1,48.10000000000041,125.35732051057101,10.0,10.0
1,48.200000000000415,124.35732051057101,10.0,10.0
1,48.300000000000416,123.35732051057101,10.0,10.0
1,48.40000000000042,122.35732051057101,10.0,10.0
1,48.50000000000042,121.35732051057101,10.0,10.0
1,48.60000000000042,120.35732051057101,10.0,10.0
1,48.70000000000042,119.35732051057101,10.0,10.0
1,48.80000000000042,118.35732051057101,10.0,10.0
1,48.900000000000425,117.35732051057101,10.0,10.0
1,49.000000000000426,116.35732051057101,10.0,10.0
1,49.10000000000043,115.35732051057101,10.0,10.0
1,49.20000000000043,114.35732051057101,10.0,10.0
1,49.30000000000043,113.35732051057101,10.0,10.0
1,49.40000000000043,112.35732051057101,10.0,10.0
1,49.50000000000043,111.35732051057101,10.0,10.0
1,49.600000000000435,110.35732051057101,10.0,10.0
1,49.700000000000436,109.35732051057101,10.0,10.0
1,49.80000000000044,108.35732051057101,10.0,10.0
1,49.90000000000044,107.35732051057101,10.0,10.0
1,50.00000000000044,106.35732051057101,10.0,10.0
1,50.10000000000044,105.35732051057101,10.0,10.0
1,50.20000000000044,104.35732051057101,10.0,10.0
1,50.300000000000445,103.35732051057101,10.0,10.0
1,50.400000000000446,102.35732051057101,10.0,10.0
1,50.50000000000045,101.35732051057101,10.0,10.0
1,50.60000000000045,100.35732051057101,10.0,10.0
1,50.70000000000045,99.35525532594035,10.064267948942899,20.0
1,50.80000000000045,98.34382853104606,10.164267948942898,20.0
1,50.90000000000045,97.32240173615178,10.264267948942898,20.0
1,51.000000000000455,96.29097494125749,10.364267948942897,20.0
1,51.100000000000456,95.2495481463632,10.464267948942897,20.0
1,51.20000000000046,94.1981213514689,10.564267948942897,20.0
1,51.30000000000046,93.13669455657461,10.664267948942896,20.0
1,51.40000000000046,92.06526776168032,10.764267948942896,20.0
1,51.50000000000046,90.98384096678603,10.864267948942896,20.0
1,51.60000000000046,89.89241417189174,10.964267948942895,20.0
1,51.700000000000465,88.79098737699745,11.064267948942895,20.0
1,51.800000000000466,87.67956058210316,11.164267948942895,20.0
1,51.90000000000047,86.55813378720887,11.264267948942894,20.0
1,52.00000000000047,85.42670699231458,11.364267948942894,20.0
1,52.10000000000047,84.28528019742029,11.464267948942894,20.0
1,52.20000000000047,83.133853402526,11.564267948942893,20.0
1,52.30000000000047,81.97242660763172,11.664267948942893,20.0
1,52.400000000000475,80.80099981273742,11.764267948942893,20.0
1,52.500000000000476,79.61957301784314,11.864267948942892,20.0
1,52.60000000000048,78.42814622294884,11.964267948942892,20.0
1,52.70000000000048,77.22671942805457,12.064267948942891,20.0
1,52.80000000000048,76.01529263316027,12.164267948942891,20.0
1,52.90000000000048,74.79386583826599,12.26426794894289,20.0
1,53.00000000000048,73.5624390433717,12.36426794894289,20.0
1,53.100000000000485,72.3210122484774,12.46426794894289,20.0
1,53.200000000000486,71.06958545358312,12.56426794894289,20.0
1,53.30000000000049,69.80815865868882,12.66426794894289,20.0
1,53.40000000000049,68.53673186379454,12.764267948942889,20.0
1,53.50000000000049,67.25530506890024,12.864267948942889,20.0
1,53.60000000000049,65.96387827400596,12.964267948942888,20.0
1,53.70000000000049,64.66245147911167,13.064267948942888,20.0
1,53.800000000000495,63.35102468421738,13.164267948942888,20.0
1,53.900000000000496,62.029597889323085,13.264267948942887,20.0
1,54.0000000000005,60.698171094428794,13.364267948942887,20.0
1,54.1000000000005,59.356744299534505,13.464267948942886,20.0
1,54.2000000000005,58.00531750464021,13.564267948942886,20.0
1,54.3000000000005,56.64389070974592,13.664267948942886,20.0
1,54.4000000000005,55.27246391485163,13.764267948942885,20.0
1,54.500000000000504,53.89103711995734,13.864267948942885,20.0
1,54.600000000000506,52.499610325063045,13.964267948942885,20.0
1,54.70000000000051,51.098183530168754,14.064267948942884,20.0
1,54.80000000000051,49.686756735274464,14.164267948942884,20.0
1,54.90000000000051,48.26532994038018,14.264267948942884,20.0
1,55.00000000000051,46.833903145485884,14.364267948942883,20.0
1,55.10000000000051,45.39247635059159,14.464267948942883,20.0
1,55.200000000000514,43.941049555697305,14.564267948942883,20.0
1,55.300000000000516,42.47962276080301,14.664267948942882,20.0
1,55.40000000000052,41.00819596590872,14.764267948942882,20.0
1,55.50000000000052,39.52676917101443,14.864267948942882,20.0
1,55.60000000000052,38.03534237612014,14.964267948942881,20.0
1,55.70000000000052,36.53391558122585,15.06426794894288,20.0
1,55.80000000000052,35.022488786331564,15.16426794894288,20.0
1,55.900000000000524,33.50106199143728,15.26426794894288,20.0
1,56.000000000000526,31.969635196542995,15.36426794894288,20.0
1,56.10000000000053,30.428208401648718,15.46426794894288,20.0
1,56.20000000000053,28.876781606754435,15.564267948942879,20.0
1,56.30000000000053,27.315354811860146,15.664267948942879,20.0
1,56.40000000000053,25.743928016965867,15.764267948942878,20.0
1,56.50000000000053,24.162501222071583,15.864267948942878,20.0
1,56.600000000000534,22.571074427177294,15.964267948942878,20.0
1,56.700000000000536,20.969647632283014,16.064267948942877,20.0
1,56.80000000000054,19.35822083738873,16.16426794894288,20.0
1,56.90000000000054,17.736794042494438,16.26426794894288,20.0
1,57.00000000000054,16.105367247600157,16.36426794894288,20.0
1,57.10000000000054,14.46394045270587,16.464267948942883,20.0
1,57.20000000000054,12.812513657811593,16.564267948942884,20.0
1,57.300000000000544,11.15108686291731,16.664267948942886,20.0
1,57.400000000000546,9.479660068023023,16.764267948942887,20.0
1,57.50000000000055,7.798233273128744,16.86426794894289,20.0
1,57.60000000000055,6.106806478234461,16.96426794894289,20.0
1,57.70000000000055,4.405379683340172,17.06426794894289,20.0
1,57.80000000000055,2.6939528884458923,17.164267948942893,20.0
1,57.90000000000055,0.9725260935516076,17.264267948942894,20.0
1,58.000000000000554,0.7589007013426823,17.364267948942896,20.0
1,58.100000000000556,2.500327496236972,17.464267948942897,20.0
1,58.20000000000056,4.251754291131261,17.5642679489429,20.0
1,58.30000000000056,6.0131810860255515,17.6642679489429,20.0
1,58.40000000000056,7.784607880919841,17.7642679489429,20.0
1,58.50000000000056,9.566034675814132,17.864267948942903,20.0
1,58.60000000000056,11.357461470708424,17.964267948942904,20.0
1,58.700000000000564,13.158888265602716,18.064267948942906,20.0
1,58.800000000000566,14.970315060497008,18.164267948942907,20.0
1,58.90000000000057,16.791741855391297,18.26426794894291,20.0
1,59.00000000000057,18.62316865028559,18.36426794894291,20.0
1,59.10000000000057,20.464595445179878,18.46426794894291,20.0
1,59.20000000000057,22.31602224007417,18.564267948942913,20.0
1,59.30000000000057,24.177449034968458,18.664267948942914,20.0
1,59.400000000000574,26.048875829862748,18.764267948942916,20.0
1,59.500000000000576,27.93030262475704,18.864267948942917,20.0
1,59.60000000000058,29.82172941965133,18.96426794894292,20.0
1,59.70000000000058,31.72315621454562,19.06426794894292,20.0
1,59.80000000000058,33.634583009439915,19.16426794894292,20.0
1,59.90000000000058,35.55600980433421,19.264267948942923,20.0
1,60.00000000000058,37.4874365992285,19.364267948942924,20.0
1,60.100000000000584,39.4288633941228,19.464267948942926,20.0
1,60.200000000000585,41.380290189017096,19.564267948942927,20.0
1,60.30000000000059,43.34171698391139,19.66426794894293,20.0
1,60.40000000000059,45.31314377880569,19.76426794894293,20.0
1,60.50000000000059,47.294570573699986,19.86426794894293,20.0
1,60.60000000000059,49.28599736859428,19.964267948942933,20.0
1,60.70000000000059,51.28535897885791,20.0,20.0
1,60.800000000000594,53.28535897885791,20.0,20.0
1,60.900000000000595,55.28535897885791,20.0,20.0
1,61.0000000000006,57.28535897885791,20.0,20.0
1,61.1000000000006,59.28535897885791,20.0,20.0
1,61.2000000000006,61.28535897885791,20.0,20.0
1,61.3000000000006,63.28535897885791,20.0,20.0
1,61.4000000000006,65.28535897885791,20.0,20.0
1,61.500000000000604,67.28535897885791,20.0,20.0
1,61.600000000000605,69.28535897885791,20.0,20.0
1,61.70000000000061,71.28535897885791,20.0,20.0
1,61.80000000000061,73.28535897885791,20.0,20.0
1,61.90000000000061,75.28535897885791,20.0,20.0
1,62.00000000000061,77.28535897885791,20.0,20.0
1,62.10000000000061,79.28535897885791,20.0,20.0
1,62.200000000000614,81.28535897885791,20.0,20.0
1,62.300000000000615,83.28535897885791,20.0,20.0
1,62.40000000000062,85.28535897885791,20.0,20.0
1,62.50000000000062,87.28535897885791,20.0,20.0
1,62.60000000000062,89.28535897885791,20.0,20.0
1,62.70000000000062,91.28535897885791,20.0,20.0
1,62.80000000000062,93.28535897885791,20.0,20.0
1,62.900000000000624,95.28535897885791,20.0,20.0
1,63.000000000000625,97.28535897885791,20.0,20.0
1,63.10000000000063,99.28535897885791,20.0,20.0
1,63.20000000000063,101.28535897885791,20.0,20.0
1,63.30000000000063,103.28535897885791,20.0,20.0
1,63.40000000000063,105.28535897885791,20.0,20.0
1,63.50000000000063,107.28535897885791,20.0,20.0
1,63.600000000000634,109.28535897885791,20.0,20.0
1,63.700000000000635,111.28535897885791,20.0,20.0
1,63.80000000000064,113.28535897885791,20.0,20.0
1,63.90000000000064,115.28535897885791,20.0,20.0
1,64.00000000000064,117.28535897885791,20.0,20.0
1,64.10000000000063,119.28535897885791,20.0,20.0
1,64.20000000000063,121.28535897885791,20.0,20.0
1,64.30000000000062,123.28535897885791,20.0,20.0
1,64.40000000000062,125.28535897885791,20.0,20.0
1,64.50000000000061,127.28535897885791,20.0,20.0
1,64.6000000000006,129.28535897885791,20.0,20.0
1,64.7000000000006,131.28535897885791,20.0,20.0
1,64.8000000000006,133.28535897885791,20.0,20.0
1,64.90000000000059,135.28535897885791,20.0,20.0
1,65.00000000000058,137.28535897885791,20.0,20.0
1,65.10000000000058,139.28535897885791,20.0,20.0
1,65.20000000000057,141.28535897885791,20.0,20.0
1,65.30000000000057,143.28535897885791,20.0,20.0
1,65.40000000000056,145.28535897885791,20.0,20.0
1,65.50000000000055,147.28535897885791,20.0,20.0
1,65.60000000000055,149.28535897885791,20.0,20.0
1,65.70000000000054,151.28535897885791,20.0,20.0
1,65.80000000000054,153.28535897885791,20.0,20.0
1,65.90000000000053,155.28535897885791,20.0,20.0
1,66.00000000000053,157.28535897885791,20.0,20.0
1,66.10000000000052,159.28535897885791,20.0,20.0
1,66.20000000000051,161.28535897885791,20.0,20.0
1,66.30000000000051,163.28535897885791,20.0,20.0
1,66.4000000000005,165.28535897885791,20.0,20.0
1,66.5000000000005,167.28535897885791,20.0,20.0
1,66.60000000000049,169.28535897885791,20.0,20.0
1,66.70000000000049,171.28535897885791,20.0,20.0
1,66.80000000000048,173.28535897885791,20.0,20.0
1,66.90000000000047,175.28535897885791,20.0,20.0
1,67.00000000000047,177.28535897885791,20.0,20.0
1,67.10000000000046,179.28535897885791,20.0,20.0
1,67.20000000000046,181.28535897885791,20.0,20.0
1,67.30000000000045,183.28535897885791,20.0,20.0
1,67.40000000000045,185.28535897885791,20.0,20.0
1,67.50000000000044,187.28535897885791,20.0,20.0
1,67.60000000000043,189.28535897885791,20.0,20.0
1,67.70000000000043,191.28535897885791,20.0,20.0
1,67.80000000000042,193.28535897885791,20.0,20.0
1,67.90000000000042,195.28535897885791,20.0,20.0
1,68.00000000000041,197.28535897885791,20.0,20.0
1,68.1000000000004,199.28535897885791,20.0,20.0
1,68.2000000000004,201.28535897885791,20.0,20.0
1,68.3000000000004,203.28535897885791,20.0,20.0
1,68.40000000000039,205.28535897885791,20.0,20.0
1,68.50000000000038,207.28535897885791,20.0,20.0
1,68.60000000000038,209.28535897885791,20.0,20.0
1,68.70000000000037,211.28535897885791,20.0,20.0
1,68.80000000000037,213.28535897885791,20.0,20.0
1,68.90000000000036,215.28535897885791,20.0,20.0
1,69.00000000000036,217.28535897885791,20.0,20.0
1,69.10000000000035,219.28535897885791,20.0,20.0
1,69.20000000000034,221.28535897885791,20.0,20.0
1,69.30000000000034,223.28535897885791,20.0,20.0
1,69.40000000000033,225.28535897885791,20.0,20.0
1,69.50000000000033,227.28535897885791,20.0,20.0
1,69.60000000000032,229.28535897885791,20.0,20.0
1,69.70000000000032,231.28535897885791,20.0,20.0
1,69.80000000000031,233.28535897885791,20.0,20.0
1,69.9000000000003,235.28535897885791,20.0,20.0
1,70.0000000000003,237.28535897885791,20.0,20.0
1,70.10000000000029,239.28535897885791,20.0,20.0
1,70.20000000000029,241.28535897885791,20.0,20.0
1,70.30000000000028,243.28535897885791,20.0,20.0
1,70.40000000000028,245.28535897885791,20.0,20.0
1,70.50000000000027,247.28535897885791,20.0,20.0
1,70.60000000000026,249.28535897885791,20.0,20.0
1,70.70000000000026,251.28535897885791,20.0,20.0
1,70.80000000000025,253.28535897885791,20.0,20.0
1,70.90000000000025,255.28535897885791,20.0,20.0
1,71.00000000000024,257.2853589788579,20.0,20.0
1,71.10000000000024,259.2853589788579,20.0,20.0
1,71.20000000000023,261.2853589788579,20.0,20.0
1,71.30000000000022,263.2853589788579,20.0,20.0
1,71.40000000000022,265.2853589788579,20.0,20.0
1,71.50000000000021,267.2853589788579,20.0,20.0
1,71.60000000000021,269.2853589788579,20.0,20.0
1,71.7000000000002,271.2853589788579,20.0,20.0
1,71.8000000000002,273.2853589788579,20.0,20.0
1,71.90000000000019,275.2813745955037,19.910732051057103,20.0
1,72.00000000000018,277.2674478006094,19.8107320510571,20.0
1,72.10000000000018,279.24352100571514,19.710732051057107,20.0
1,72.20000000000017,281.2095942108208,19.6107320510571,20.0
1,72.30000000000017,283.1656674159265,19.510732051057104,20.0
1,72.40000000000016,285.11174062103225,19.410732051057103,20.0
1,72.50000000000016,287.04781382613794,19.3107320510571,20.0
1,72.60000000000015,288.9738870312437,19.2107320510571,20.0
1,72.70000000000014,290.8899602363494,19.1107320510571,20.0
1,72.80000000000014,292.7960334414551,19.010732051057104,20.0
1,72.90000000000013,294.69210664656083,18.910732051057103,20.0
1,73.00000000000013,296.57817985166656,18.8107320510571,20.0
1,73.10000000000012,298.45425305677225,18.7107320510571,20.0
1,73.20000000000012,300.320326261878,18.6107320510571,20.0
1,73.30000000000011,302.1763994669837,18.510732051057097,20.0
1,73.4000000000001,304.0224726720894,18.410732051057096,20.0
1,73.5000000000001,305.8585458771951,18.310732051057094,20.0
1,73.6000000000001,307.68461908230086,18.2107320510571,20.0
1,73.70000000000009,309.50069228740654,18.1107320510571,20.0
1,73.80000000000008,311.3067654925123,18.010732051057104,20.0
1,73.90000000000008,313.102838697618,17.910732051057096,20.0
1,74.00000000000007,314.8889119027237,17.810732051057094,20.0
1,74.10000000000007,316.6649851078294,17.710732051057093,20.0
1,74.20000000000006,318.43105831293514,17.6107320510571,20.0
1,74.30000000000005,320.1871315180408,17.510732051057097,20.0
1,74.40000000000005,321.93320472314656,17.410732051057096,20.0
1,74.50000000000004,323.66927792825226,17.310732051057094,20.0
1,74.60000000000004,325.39535113335796,17.210732051057093,20.0
1,74.70000000000003,327.11142433846373,17.1107320510571,20.0
1,74.80000000000003,328.8174975435694,17.010732051057097,20.0
1,74.90000000000002,330.51357074867514,16.910732051057096,20.0
1,75.00000000000001,332.1996439537809,16.810732051057094,20.0
1,75.10000000000001,333.8757171588866,16.710732051057093,20.0
1,75.2,335.5417903639923,16.61073205105709,20.0
1,75.3,337.197863569098,16.510732051057097,20.0
1,75.39999999999999,338.8439367742037,16.410732051057096,20.0
1,75.49999999999999,340.48000997930944,16.310732051057094,20.0
1,75.59999999999998,342.1060831844151,16.210732051057093,20.0
1,75.69999999999997,343.7221563895208,16.11073205105709,20.0
1,75.79999999999997,345.3282295946266,16.01073205105709,20.0
1,75.89999999999996,346.92430279973223,15.910732051057098,20.0
1,75.99999999999996,348.510376004838,15.810732051057094,20.0
1,76.09999999999995,350.0864492099437,15.710732051057091,20.0
1,76.19999999999995,351.65252241504936,15.610732051057095,20.0
1,76.29999999999994,353.2085956201551,15.510732051057095,20.0
1,76.39999999999993,354.7546688252608,15.410732051057092,20.0
1,76.49999999999993,356.2907420303665,15.310732051057093,20.0
1,76.59999999999992,357.81681523547223,15.210732051057093,20.0
1,76.69999999999992,359.33288844057796,15.110732051057093,20.0
1,76.79999999999991,360.83896164568364,15.010732051057094,20.0
1,76.8999999999999,362.3390192341436,15.0,20.0
1,76.9999999999999,363.8410173759242,15.0,20.0
1,77.0999999999999,365.35004264601764,15.0,20.0
1,77.19999999999989,366.87127379556864,15.0,20.0
1,77.29999999999988,368.41008389742933,15.0,20.0
1,77.39999999999988,369.9721200960175,15.0,20.0
1,77.49999999999987,371.5633924093121,15.0,20.0
1,77.59999999999987,373.1903747564605,15.0,20.0
1,77.69999999999986,374.86012211044397,15.0,20.0
1,77.79999999999986,376.5804086754067,15.0,20.0
1,77.89999999999985,378.35989336144723,15.0,20.0
1,77.99999999999984,380.20832072002884,15.0,20.0
1,78.09999999999984,382.1367681225846,15.0,20.0
1,78.19999999999983,384.1579536285588,15.0,20.0
1,78.29999999999983,386.28662417247267,15.0,20.0
1,78.39999999999982,388.5400511312718,15.0,20.0
1,78.49999999999982,390.93867114990803,15.0,20.0
1,78.59999999999981,393.5069261132319,15.0,20.0
1,78.6999999999998,396.2743802958649,15.0,20.0
1,78.7999999999998,399.277229894429,15.0,20.0
1,78.89999999999979,402.5603787202146,15.0,20.0
1,78.99999999999979,406.1803485532519,15.0,20.0
1,79.09999999999978,410.20945039427875,15.0,20.0
1,79.19999999999978,414.74191441889064,15.0,20.0
1,79.29999999999977,419.90316223510104,15.0,20.0
1,79.39999999999976,425.864313612402,15.0,20.0
1,79.49999999999976,432.8658106165381,15.0,20.0
1,79.59999999999975,441.25780082927577,15.0,20.0
1,79.69999999999975,451.5734434075932,15.0,15.0
1,79.79999999999974,453.0734434075932,15.0,15.0
1,79.89999999999974,454.5734434075932,15.0,15.0
1,79.99999999999973,456.0734434075932,15.0,15.0
1,80.09999999999972,457.5734434075932,15.0,15.0
1,80.19999999999972,459.0734434075932,15.0,15.0
1,80.29999999999971,460.5734434075932,15.0,15.0
1,80.39999999999971,462.0734434075932,15.0,15.0
1,80.4999999999997,463.5734434075932,15.0,15.0
1,80.5999999999997,465.0734434075932,15.0,15.0
1,80.69999999999969,466.5734434075932,15.0,15.0
1,80.79999999999968,468.0734434075932,15.0,15.0
1,80.89999999999968,469.5734434075932,15.0,15.0
1,80.99999999999967,471.0734434075932,15.0,15.0
1,81.09999999999967,472.5734434075932,15.0,15.0
1,81.19999999999966,474.0734434075932,15.0,15.0
1,81.29999999999966,475.5734434075932,15.0,15.0
1,81.39999999999965,477.0734434075932,15.0,15.0
1,81.49999999999964,478.5734434075932,15.0,15.0
1,81.59999999999964,480.0734434075932,15.0,15.0
1,81.69999999999963,481.5734434075932,15.0,15.0
1,81.79999999999963,483.0734434075932,15.0,15.0
1,81.89999999999962,484.5734434075932,15.0,15.0
1,81.99999999999962,486.0734434075932,15.0,15.0
1,82.09999999999961,487.5734434075932,15.0,15.0
1,82.1999999999996,489.0734434075932,15.0,15.0
1,82.2999999999996,490.5734434075932,15.0,15.0
1,82.3999999999996,492.0734434075932,15.0,15.0
1,82.49999999999959,493.5734434075932,15.0,15.0
1,82.59999999999958,495.0734434075932,15.0,15.0
1,82.69999999999958,496.5734434075932,15.0,15.0
1,82.79999999999957,498.0734434075932,15.0,15.0
1,82.89999999999957,499.5734434075932,15.0,15.0
1,82.99999999999956,498.9239959685195,15.071562893839545,20.0
1,83.09999999999955,497.41183967913554,15.171562893839544,20.0
1,83.19999999999955,495.88968338975155,15.271562893839544,20.0
1,83.29999999999954,494.35752710036763,15.371562893839544,20.0
1,83.39999999999954,492.81537081098367,15.471562893839543,20.0
1,83.49999999999953,491.2632145215997,15.571562893839543,20.0
1,83.59999999999953,489.70105823221576,15.671562893839543,20.0
1,83.69999999999952,488.1289019428318,15.771562893839542,20.0
1,83.79999999999951,486.54674565344783,15.871562893839542,20.0
1,83.89999999999951,484.9545893640639,15.971562893839542,20.0
1,83.9999999999995,483.35243307467994,16.07156289383954,20.0
1,84.0999999999995,481.740276785296,16.171562893839543,20.0
1,84.19999999999949,480.118120495912,16.271562893839544,20.0
1,84.29999999999949,478.4859642065281,16.371562893839545,20.0
1,84.39999999999948,476.8438079171441,16.471562893839547,20.0
1,84.49999999999947,475.19165162776017,16.57156289383955,20.0
1,84.59999999999947,473.5294953383762,16.67156289383955,20.0
1,84.69999999999946,471.85733904899223,16.77156289383955,20.0
1,84.79999999999946,470.1751827596083,16.871562893839553,20.0
1,84.89999999999945,468.48302647022433,16.971562893839554,20.0
1,84.99999999999945,466.7808701808404,17.071562893839555,20.0
1,85.09999999999944,465.0687138914564,17.171562893839557,20.0
1,85.19999999999943,463.3465576020725,17.27156289383956,20.0
1,85.29999999999943,461.6144013126885,17.37156289383956,20.0
1,85.39999999999942,459.8722450233046,17.47156289383956,20.0
1,85.49999999999942,458.1200887339206,17.571562893839562,20.0
1,85.59999999999941,456.35793244453663,17.671562893839564,20.0
1,85.6999999999994,454.5857761551527,17.771562893839565,20.0
1,85.7999999999994,452.8036198657687,17.871562893839567,20.0
1,85.8999999999994,451.01146357638476,17.971562893839568,20.0
1,85.99999999999939,449.2093072870008,18.07156289383957,20.0
1,86.09999999999938,447.39715099761685,18.17156289383957,20.0
1,86.19999999999938,445.5749947082329,18.271562893839572,20.0
1,86.29999999999937,443.7428384188489,18.371562893839574,20.0
1,86.39999999999937,441.90068212946494,18.471562893839575,20.0
1,86.49999999999936,440.04852584008097,18.571562893839577,20.0
1,86.59999999999935,438.186369550697,18.671562893839578,20.0
1,86.69999999999935,436.31421326131306,18.77156289383958,20.0
1,86.79999999999934,434.4320569719291,18.87156289383958,20.0
1,86.89999999999934,432.5399006825452,18.971562893839582,20.0
1,86.99999999999933,430.63774439316126,19.071562893839584,20.0
1,87.09999999999933,428.7255881037773,19.171562893839585,20.0
1,87.19999999999932,426.8034318143933,19.271562893839587,20.0
1,87.29999999999932,424.8733380294092,19.280733286335824,20.0
1,87.39999999999931,422.9502647007756,19.18073328633583,20.0
1,87.4999999999993,421.037191372142,19.08073328633583,20.0
1,87.5999999999993,419.1341180435084,18.980733286335827,20.0
1,87.69999999999929,417.2410447148748,18.880733286335825,20.0
1,87.79999999999929,415.3579713862413,18.780733286335824,20.0
1,87.89999999999928,413.48489805760767,18.680733286335823,20.0
1,87.99999999999928,411.62182472897405,18.58073328633583,20.0
1,88.09999999999927,409.7687514003405,18.480733286335827,20.0
1,88.19999999999926,407.9256780717069,18.380733286335825,20.0
1,88.29999999999926,406.0926047430733,18.280733286335824,20.0
1,88.39999999999925,404.2695314144397,18.180733286335823,20.0
1,88.49999999999925,402.45645808580616,18.08073328633582,20.0
1,88.59999999999924,400.65338475717255,17.980733286335827,20.0
1,88.69999999999924,398.860311428539,17.880733286335825,20.0
1,88.79999999999923,397.07723809990534,17.780733286335824,20.0
1,88.89999999999922,395.30416477127176,17.680733286335823,20.0
1,88.99999999999922,393.5410914426382,17.58073328633582,20.0
1,89.09999999999921,391.7880181140046,17.48073328633582,20.0
1,89.1999999999992,390.04494478537106,17.380733286335825,20.0
1,89.2999999999992,388.31187145673744,17.280733286335824,20.0
1,89.3999999999992,386.58879812810386,17.180733286335823,20.0
1,89.49999999999919,384.8757247994703,17.08073328633582,20.0
1,89.59999999999918,383.1726514708367,16.98073328633582,20.0
1,89.69999999999918,381.4795781422031,16.88073328633582,20.0
1,89.79999999999917,379.7965048135695,16.780733286335817,20.0
1,89.89999999999917,378.1234314849359,16.680733286335823,20.0
1,89.99999999999916,376.46035815630233,16.580733286335814,20.0
1,90.09999999999916,374.80728482766875,16.48073328633582,20.0
1,90.19999999999915,373.16421149903516,16.38073328633582,20.0
1,90.29999999999914,371.5311381704016,16.280733286335824,20.0
1,90.39999999999914,369.908064841768,16.180733286335823,20.0
1,90.49999999999913,368.2949915131344,16.08073328633582,20.0
1,90.59999999999913,366.6919181845008,15.980733286335822,20.0
1,90.69999999999912,365.09884485586724,15.880733286335818,20.0
1,90.79999999999912,363.51577152723365,15.780733286335819,20.0
1,90.89999999999911,361.94269819860006,15.680733286335819,20.0
1,90.9999999999991,360.3796248699665,15.58073328633582,20.0
1,91.0999999999991,358.8265515413329,15.48073328633582,20.0
1,91.1999999999991,357.28347821269926,15.38073328633582,20.0
1,91.29999999999909,355.7504048840657,15.280733286335817,20.0
1,91.39999999999908,354.2273315554321,15.180733286335817,20.0
1,91.49999999999908,352.7142582267985,15.080733286335818,20.0
1,91.59999999999907,351.21118489816496,14.980733286335818,20.0
1,91.69999999999906,349.7181115695314,14.880733286335815,20.0
1,91.79999999999906,348.2350382408978,14.780733286335819,20.0
1,91.89999999999905,346.7619649122642,14.680733286335816,20.0
1,91.99999999999905,345.2988915836306,14.580733286335816,20.0
1,92.09999999999904,343.845818254997,14.480733286335816,20.0
1,92.19999999999904,342.4027449263634,14.380733286335813,20.0
1,92.29999999999903,340.96967159772987,14.280733286335813,20.0
1,92.39999999999903,339.5465982690963,14.180733286335817,20.0
1,92.49999999999902,338.13352494046273,14.080733286335818,20.0
1,92.59999999999901,336.73045161182915,13.980733286335814,20.0
1,92.69999999999901,335.33737828319556,13.880733286335818,20.0
1,92.799999999999,333.95430495456196,13.780733286335815,20.0
1,92.899999999999,332.58123162592835,13.680733286335816,20.0
1,92.99999999999899,331.2181582972948,13.580733286335816,20.0
1,93.09999999999899,329.8650849686612,13.480733286335813,20.0
1,93.19999999999898,328.52201164002764,13.380733286335817,20.0
1,93.29999999999897,327.18893831139405,13.280733286335817,20.0
1,93.39999999999897,325.86586498276046,13.180733286335817,20.0
1,93.49999999999896,324.55279165412685,13.080733286335814,20.0
1,93.59999999999896,323.2497183254933,12.980733286335814,20.0
1,93.69999999999895,321.9566449968597,12.880733286335815,20.0
1,93.79999999999895,320.67357166822615,12.780733286335812,20.0
1,93.89999999999894,319.40049833959256,12.680733286335816,20.0
1,93.99999999999893,318.13742501095896,12.580733286335812,20.0
1,94.09999999999893,316.88435168232536,12.480733286335816,20.0
1,94.19999999999892,315.64127835369175,12.380733286335813,20.0
1,94.29999999999892,314.40820502505824,12.28073328633581,20.0
1,94.39999999999891,313.1851316964246,12.180733286335814,20.0
1,94.4999999999989,311.972058367791,12.08073328633581,20.0
1,94.5999999999989,310.7689850391574,11.980733286335811,20.0
1,94.6999999999989,309.5759117105239,11.880733286335808,20.0
1,94.79999999999889,308.3928383818903,11.780733286335808,20.0
1,94.89999999999888,307.21976505325665,11.680733286335812,20.0
1,94.99999999999888,306.0566917246231,11.580733286335812,20.0
1,95.09999999999887,304.9036183959895,11.480733286335813,20.0
1,95.19999999999887,303.7605450673559,11.380733286335813,20.0
1,95.29999999999886,302.62747173872236,11.28073328633581,20.0
1,95.39999999999885,301.5043984100888,11.18073328633581,20.0
1,95.49999999999885,300.3913250814552,11.08073328633581,20.0
1,95.59999999999884,299.2882517528216,10.980733286335807,20.0
1,95.69999999999884,298.19517842418804,10.880733286335815,20.0
1,95.79999999999883,297.11210509555445,10.780733286335812,20.0
1,95.89999999999883,296.03903176692086,10.680733286335808,20.0
1,95.99999999999882,294.9759584382873,10.580733286335809,20.0
1,96.09999999999881,293.92288510965375,10.480733286335813,20.0
1,96.19999999999881,292.8798117810201,10.380733286335813,20.0
1,96.2999999999988,291.8467384523865,10.280733286335806,20.0
1,96.3999999999988,290.8236651237529,10.180733286335807,20.0
1,96.49999999999879,289.8105917951193,10.080733286335807,20.0
1,96.59999999999879,288.80733286335806,10.0,20.0
1,96.69999999999878,287.80723997228733,10.0,20.0
1,96.79999999999878,286.8036619102247,10.0,20.0
1,96.89999999999877,285.7914678748552,10.0,20.0
1,96.99999999999876,284.7653098235105,10.0,20.0
1,97.09999999999876,283.7195031911848,10.0,20.0
1,97.19999999999875,282.64789050096056,10.0,20.0
1,97.29999999999875,281.5436803421497,10.0,20.0
1,97.39999999999874,280.39925191346214,10.0,20.0
1,97.49999999999874,279.2059119519709,10.0,20.0
1,97.59999999999873,277.95358585925237,10.0,20.0
1,97.69999999999872,276.6304173342702,10.0,20.0
1,97.79999999999872,275.2222394207165,10.0,20.0
1,97.89999999999871,273.71186221748627,10.0,20.0
1,97.9999999999987,272.0780945332565,10.0,20.0
1,98.0999999999987,270.29437131547036,10.0,20.0
1,98.1999999999987,268.3267826092069,10.0,20.0
1,98.29999999999869,266.1311680859999,10.0,20.0
1,98.39999999999868,263.64870404987323,10.0,20.0
1,98.49999999999868,260.79896301757515,10.0,20.0
1,98.59999999999867,257.46853751369326,10.0,20.0
1,98.69999999999867,253.49143484022764,10.0,20.0
1,98.79999999999866,248.6131188168982,10.0,20.0
1,98.89999999999866,242.41906464798728,10.0,20.0
1,98.99999999999865,234.1766939672495,10.0,20.0
1,99.09999999999864,222.42722040903692,10.0,20.0
1,99.19999999999864,203.63255667680608,10.0,20.0
1,99.29999999999863,164.5050499687598,10.0,10.0
1,99.39999999999863,163.5050499687598,10.0,10.0
1,99.49999999999862,162.5050499687598,10.0,10.0
1,99.59999999999862,161.5050499687598,10.0,10.0
1,99.69999999999861,160.5050499687598,10.0,10.0
1,99.7999999999986,159.5050499687598,10.0,10.0
1,99.8999999999986,158.5050499687598,10.0,10.0
